Run		LEBT Current [nA]		LEBT Intensity [pps]		[enA]	Brho [Tm]				Beam Dump		F1 slit [mm]				F2 up slit [mm]				F2 down slit [mm]				F3 up slit [mm]				F3 down slit [mm]			
No.	Attenuator	Peak	Average	Peak	Average	KoBRA FC	D1	D2	F2F3	d/R	L	R	xL	xR	yU	yD	xL	xR	yU	yD	xL	xR	yU	yD	xL	xR	yU	yD	xL	xR	yU	yD
1	-2						1.33	1.2982	1.2876	0.075			164	160	85	85	45	45	45	45	45	45	45	45	45	45	45	45	45	45	45	45
2	-2						1.33	1.2982	1.2876	0.075			164	160	85	85	45	45	45	45	45	45	45	45	45	45	45	45	45	45	45	45
3	-2						1.33	1.2982	1.2876	0.075			164	160	85	85	45	45	45	45	45	45	45	45	45	45	45	45	45	45	45	45
4	-2						1.33	1.2982	1.2876	0.075			164	160	85	85	45	45	45	45	45	45	45	45	45	45	45	45	45	45	45	45
5	-2																															
6	-2						1.33	1.2982	1.2876	0.075			164	160	85	85	45	45	45	45	45	45	45	45	45	45	45	45	45	45	45	45
7	-2						1.33	1.2982	1.2876	0.075			164	160	85	85	45	45	45	45	45	45	45	45	45	45	45	45	45	45	45	45
8	-2						1.33	1.2982	1.2876	0.075			164	160	85	85	45	45	45	45	45	45	45	45	45	45	45	45	45	45	45	45
9	-2						1.33	1.2982	1.2876	0.075			164	160	85	85	45	45	45	45	45	45	45	45	45	45	45	45	45	45	45	45
10	-2						1.33	1.2982	1.2876	0.075			164	160	85	85	45	45	45	45	45	45	45	45	45	45	45	45	45	45	45	45
11	-2						1.33	1.2982	1.2876	0.075			164	160	85	85	45	45	45	45	45	45	45	45	45	45	45	45	45	45	45	45
12	-2						1.33	1.2982	1.2876	0.075			164	160	85	85	45	45	45	45	45	45	45	45	45	45	45	45	45	45	45	45
13	-2						1.33	1.2982	1.2876	0.075			164	160	85	85	45	45	45	45	45	45	45	45	45	45	45	45	45	45	45	45
14	-2						1.33	1.2982	1.2876	0.075			164	160	85	85	45	45	45	45	45	45	45	45	45	45	45	45	45	45	45	45
15	-2						1.33	1.2982	1.2876	0.075			164	160	85	85	45	45	45	45	45	45	45	45	45	45	45	45	45	45	45	45
16	-2																															
17	-2						1.3676	1.3553	1.3513	0.031			164	160	85	85	45	45	45	45	45	45	45	45	45	45	45	45	45	45	45	45
18	-2						1.3676	1.3553	1.3513	0.031			164	160	85	85	45	45	45	45	45	45	45	45	45	45	45	45	45	45	45	45
19	-2						1.3676	1.356	1.3513	0.031			164	160	85	85	45	45	45	45	45	45	45	45	45	45	45	45	45	45	45	45
20	-2						1.3676	1.356	1.3513	0.031			164	160	85	85	45	45	45	45	45	45	45	45	45	45	45	45	45	45	45	45
21	-2						1.3676	1.358	1.3513	0.031			164	160	85	85	45	45	45	45	45	45	45	45	45	45	45	45	45	45	45	45
22	-2						1.3676	1.358	1.3513	0.031			164	160	85	85	45	45	45	45	45	45	45	45	45	45	45	45	45	45	45	45
23	-2						1.2258	1.2017	1.1937	0.064			164	160	85	85	45	45	45	45	45	45	45	45	45	45	45	45	45	45	45	45
24	-2						1.2258	1.2017	1.1937	0.064			84	80	85	85	45	45	45	45	45	45	45	45	45	45	45	45	45	45	45	45
25	-2						1.2258	1.2017	1.1937	0.064			44	80	85	85	45	45	45	45	45	45	45	45	45	45	45	45	45	45	45	45
26	-2						1.2258	1.2017	1.1937	0.064			4	120	85	85	45	45	45	45	45	45	45	45	45	45	45	45	45	45	45	45
27	-2						1.2258	1.2017	1.1937	0.064			4	190	85	85	45	45	45	45	45	45	45	45	45	45	45	45	45	45	45	45
28	-2						1.2258	1.2017	1.1937	0.064			4	190	85	85	45	45	45	45	45	45	45	45	45	45	45	45	45	45	45	45
29	-2						1.2258	1.2017	1.1937	0.064			4	190	85	85	45	45	45	45	45	45	45	45	45	45	45	45	45	45	45	45
30	-2						1.2258	1.2017	1.1937	0.064			4	190	85	85	45	45	45	45	45	45	45	45	45	45	45	45	45	45	45	45
31	-2						1.3258	1.3061	1.2997	0.049			4	190	85	85	45	45	45	45	45	45	45	45	45	45	45	45	45	45	45	45
32	-2						1.3258	1.3061	1.2997	0.049			190	190	85	85	45	45	45	45	45	45	45	45	45	45	45	45	45	45	45	45
33	-2						1.3258	1.3061	1.2997	0.049			190	190	85	85	45	45	45	45	45	45	45	45	45	45	45	45	45	45	45	45
34	-2						1.3258	1.3061	1.2997	0.049			190	190	85	85	45	45	45	45	45	45	45	45	45	45	45	45	45	45	45	45
35	-2						1.3258	1.3061	1.2997	0.049			190>60	190	85	85	45	45	45	45	45	45	45	45	45	45	45	45	45	45	45	45
36	-2						1.3258	1.3061	1.2997	0.049			60	190	85	85	45	45	45	45	45	45	45	45	45	45	45	45	45	45	45	45
37	-2						1.3258	1.3061	1.2997	0.049			60	190	85	85	45	45	45	45	45	45	45	45	45	45	45	45	45	45	45	45
38	-2						1.3258	1.3061	1.2997	0.049			60	190	85	85	45	45	45	45	45	45	45	45	45	45	45	45	45	45	45	45
39	-2						1.3258	1.3061	1.2997	0.049			60	190	85	85	45	45	45	45	45	45	45	45	45	45	45	45	45	45	45	45
40	-2						1.3258	1.3061	1.2997	0.049			60	190	85	85	45	45	45	45	45	45	45	45	45	45	45	45	45	45	45	45
41	-2						1.3258	1.3061	1.2997	0.049			90	190	85	85	45	45	45	45	45	45	45	45	45	45	45	45	45	45	45	45
42	-2						1.3258	1.3061	1.2997	0.049			120	190	85	85	45	45	45	45	45	45	45	45	45	45	45	45	45	45	45	45
43	-2						1.3258	1.3061	1.2997	0.049			150	190	85	85	45	45	45	45	45	45	45	45	45	45	45	45	45	45	45	45
44	-2						1.3258	1.3061	1.2997	0.049			190	190	85	85	45	45	45	45	45	45	45	45	45	45	45	45	45	45	45	45
45	-2						1.3258	1.3061	1.2997	0.049			190	190	85	85	45	45	45	45	45	45	45	45	45	45	45	45	45	45	45	45
46	-2						1.3258	1.3061	1.2997	0.049			190	190	85	85	45	45	45	45	45	45	45	45	45	45	45	45	45	45	45	45
47	-2						1.3258	1.3061	1.2997	0.049			190	190	85	85	45	45	45	45	45	45	45	45	45	45	45	45	45	45	45	45
48	-2						1.3258	1.3061	1.2997	0.049			190	190	85	85	45	45	45	45	45	45	45	45	45	45	45	45	45	45	45	45
49	-2						1.3258	1.3061	1.2997	0.049			150	50	85	85	45	45	45	45	45	45	45	45	45	45	45	45	45	45	45	45
50	-2						1.2178	1.3061	1.2997	0.049			190	190	85	85	45	45	45	45	45	45	45	45	45	45	45	45	45	45	45	45
51	-2						1.2178	1.3061	1.2997	0.049			190	190	85	85	45	45	45	45	45	45	45	45	45	45	45	45	45	45	45	45
52	-2						1.3258	1.3061	1.2997	0.049			190	190	85	85	45	45	45	45	45	45	45	45	45	45	45	45	45	45	45	45
53	-2						1.3258	1.3061	1.2997	0.049			190	190	85	85	45	45	45	45	45	45	45	45	45	45	45	45	45	45	45	45
54	-2						1.3258	1.3061	1.2997	0.049			190	190	85	85	45	45	45	45	45	45	45	45	45	45	45	45	45	45	45	45
55	-2						1.3258	1.3061	1.2997	0.049			4>6	0>2	85	85	45	45	45	45	45	45	45	45	45	45	45	45	45	45	45	45
56	-2						1.3258	1.31	1.2997	0.049			6	2	85	85	45	45	45	45	45	45	45	45	45	45	45	45	45	45	45	45
57	-2						1.3258	1.3061	1.2997	0.049			6	2	85	85	45	45	45	45	45	45	45	45	45	45	45	45	45	45	45	45
58	-2						1.3258	1.3071	1.2997	0.049			6	2	85	85	45	45	45	45	45	45	45	45	45	45	45	45	45	45	45	45
59	-2						1.3258	1.3071	1.2997	0.049			6	2	85	85	45	45	45	45	45	45	45	45	45	45	45	45	45	45	45	45
60	-2						1.3258	1.3074	1.3009	0.049			6	2	85	85	45	45	45	45	45	45	45	45	45	45	45	45	45	45	45	45
61	-2						1.3258	1.3074	1.3009	0.049			6	2	85	85	45	45	45	45	45	45	45	45	45	45	45	45	45	45	45	45
62	-2						1.3258	1.3074	1.3009	0.049			6	2	85	85	45	45	45	45	45	45	45	45	45	45	45	45	45	45	45	45
63	-2						1.3258	1.3074	1.3009	0.049			43	39	85	85	45	45	45	45	45	45	45	45	45	45	45	45	45	45	45	45
64	-2						1.3258	1.3074	1.3009	0.049			43	39	85	85	45	45	45	45	45	45	45	45	45	45	45	45	45	45	45	45
65	-2						1.3258	1.3074	1.3009	0.049			43	39	85	85	45	45	45	45	45	45	45	45	45	45	45	45	45	45	45	45
66																																
67	-2						1.3258	1.3074	1.3009	0.049	210	210	43	39	85	85	45	45	45	45	45	45	45	45	45	45	45	45	45	45	45	45
68	-2						1.3258	1.3074	1.3009	0.049	210	210	43	39	85	85	45	45	45	45	45	45	45	45	45	45	45	45	45	45	45	45
69	-2						1.3258	1.3074	1.3009	0.049	210	210	190	190	85	85	45	45	45	45	45	45	45	45	45	45	45	45	45	45	45	45
70	-2						1.3258	1.3074	1.3009	0.049	210	210	190	190	85	85	45	45	45	45	45	45	45	45	45	45	45	45	45	45	45	45
71	-2						1.3258	1.3074	1.3009	0.049	210	210	190	190	85	85	45	45	45	45	45	45	45	45	45	45	45	45	45	45	45	45
72	-2						1.3258	1.3074	1.3009	0.049	210	210	190	190	85	85	45	45	45	45	45	45	45	45	45	45	45	45	45	45	45	45
73	-2					200	1.3258	1.3074	1.3009	0.049	210	210	190	190	85	85	45	45	45	45	45	45	45	45	45	45	45	45	45	45	45	45
74	-2	390	39	3.00E+11	3.00E+10	450	1.3258	1.3074	1.3009	0.049	210	210	190	190	85	85	45	45	45	45	45	45	45	45	45	45	45	45	45	45	45	45
75	-2	390	39	3.00E+11	3.00E+10		1.3258	1.3074	1.3009	0.049	210	210	190	190	85	85	45	45	45	45	45	45	45	45	45	45	45	45	45	45	45	45
76	-2	390	39	3.00E+11	3.00E+10		1.3258	1.3074	1.3009	0.049	210	210	190	190	85	85	45	45	45	45	45	45	45	45	45	45	45	45	45	45	45	45
77	-2	400	40	3.20E+11	3.20E+10	510	1.3258	1.3074	1.3009	0.049	210	210	190	190	85	85	45	45	45	45	45	45	45	45	45	45	45	45	45	45	45	45
78	-2	390	39	3.00E+11	3.00E+10		1.3258	1.3074	1.3009	0.049	210	210	190	190	85	85	45	45	45	45	45	45	45	45	45	45	45	45	45	45	45	45
79	-2	400	40	3.20E+11	3.20E+10	500	1.3258	1.3074	1.3009	0.049	210	210	190	190	85	85	45	45	45	45	45	45	45	45	45	45	45	45	45	45	45	45
80	-2	400	40	3.10E+11	3.10E+10	510	1.3258	1.3074	1.3009	0.049	210	210	190	190	85	85	45	45	45	45	45	45	45	45	45	45	45	45	45	45	45	45
81	-2	400	40	3.10E+11	3.10E+10		1.3258	1.3074	1.3009	0.049	210	210	190	190	85	85	45	45	45	45	45	45	45	45	45	45	45	45	45	45	45	45
82	-2	410	41	3.10E+11	3.10E+10		1.3258	1.3074	1.3009	0.049	210	210	190	190	85	85	45	45	45	45	45	45	45	45	45	45	45	45	45	45	45	45
83	-2	400	40	3.20E+11	3.20E+10	516	1.3258	1.3074	1.3009	0.049	210	210	190	190	85	85	45	45	45	45	45	45	45	45	45	45	45	45	45	45	45	45
84	-2	400	40	3.10E+11	3.10E+10	532	1.3258	1.3074	1.3009	0.049	210	210	190	190	85	85	45	45	45	45	45	45	45	45	45	45	45	45	45	45	45	45
85	-2	400	40	3.10E+11	3.10E+10		1.3258	1.3074	1.3009	0.049	210	210	190	190	85	85	45	45	45	45	45	45	45	45	45	45	45	45	45	45	45	45
86	-4	4	0.4	3.10E+09	3.10E+08		1.2501	1.2237	1.2149	0.098	210	210	190>43	190>39	85	85	45	45	45	45	45	45	45	45	45	45	45	45	45	45	45	45
87	-2	400	40	3.10E+11	3.10E+10		1.2501	1.2237	1.2149	0.098	210	210	43	39>80	85	85	45	45	45	45	45	45	45	45	45	45	45	45	45	45	45	45
88	-2						1.2501	1.2237	1.2149	0.098	210	210	43>84	80>0	85	85	45	45	45	45	45	45	45	45	45	45	45	45	45	45	45	45
89	-4						1.2501	1.2237	1.2149	0.098	210	210	190	190	85	85	45	45	45	45	45	45	45	45	45	45	45	45	45	45	45	45
90	-4	3	0.3				1.3001	1.2763	1.2684	0.06	210	210	190	190	85	85	45	45	45	45	45	45	45	45	45	45	45	45	45	45	45	45
91	-2	400	40				1.3001	1.2763	1.2684	0.06	210	210	190	190	85	85	45	45	45	45	45	45	45	45	45	45	45	45	45	45	45	45
92	-2	402	40	3.10E+11	3.10E+10		1.3521	1.3306	1.3235	0.052	210	210	190	190	85	85	45	45	45	45	45	45	45	45	45	45	45	45	45	45	45	45
93	-2	400	40	3.10E+11	3.10E+10		1.3521	1.3306	1.3235	0.052	210	210	190	190	85	85	45	45	45	45	45	45	45	45	45	45	45	45	45	45	45	45
94	-2	402	40	3.10E+11	3.10E+10		1.3521	1.3306	1.3235	0.052	210	210	6	2	85	85	45	45	45	45	45	45	45	45	45	45	45	45	45	45	45	45
95	-2	402	40	3.10E+11	3.10E+10		1.3521	1.3306	1.3235	0.052	210	210	6	2	85	85	45	45	45	45	45	45	45	45	45	45	45	45	45	45	45	45
96	-2	400	40	3.20E+11	3.20E+10	530	1.3521	1.3319	1.3248	0.052	210	210	6	2	85	85	45	45	45	45	45	45	45	45	45	45	45	45	45	45	45	45
97	-2	400	40	3.20E+11	3.20E+10		1.3521	1.3319	1.3248	0.052	210	210	6	2	85	85	45	45	45	45	45	45	45	45	45	45	45	45	45	45	45	45
98	-2	410	41	3.20E+11	3.20E+10		1.3521	1.3319	1.3248	0.052	210	210	6	2	85	85	45	45	45	45	45	45	45	45	45	45	45	45	45	45	45	45
99	-2	408	41	3.20E+11	3.20E+10		1.3521	1.3319	1.3248	0.052	210	210	6	2	85	85	45	45	45	45	45	45	45	45	45	45	45	45	45	45	45	45
100	-2	406	40	3.20E+11	3.20E+10		1.3521	1.3319	1.3248	0.052	210	210	125	121	85	85	45	45	45	45	45	45	45	45	45	45	45	45	45	45	45	45
101	-2	400	40	3.10E+11	3.10E+10	500-550	1.3521	1.3319	1.3248	0.052	210	210	190	190	85	85	45	45	45	45	45	45	45	45	45	45	45	45	45	45	45	45
102	-2	400	40	3.10E+11	3.10E+10		1.3521	1.3319	1.3248	0.052	210	210	190	190	85	85	45	45	45	45	45	45	45	45	45	45	45	45	45	45	45	45
103	-2	404	40	3.10E+11	3.10E+10		1.3521	1.3319	1.3248	0.052	210	210	190	190	85	85	45	45	45	45	45	45	45	45	45	45	45	45	45	45	45	45
104	-2	395	39	3.10E+11	3.10E+10	530	1.3521	1.3319	1.3248	0.052	210	210	190	190	85	85	45	45	45	45	45	45	45	45	45	45	45	45	45	45	45	45
105	-2	390	39	3.10E+11	3.10E+10	516.5	1.3521	1.3319	1.3248	0.052	210	210	190	190	85	85	45	45	45	45	45	45	45	45	45	45	45	45	45	45	45	45
106	-2	400	41				1.3521	1.3319	1.3248	0.052	210	210	190	190	85	85	45	45	45	45	45	45	45	45	45	45	45	45	45	45	45	45
107	-2	393	39	3.10E+11	3.10E+10	520.8	1.3521	1.3319	1.3248	0.052	210	210	190	190	85	85	45	45	45	45	45	45	45	45	45	45	45	45	45	45	45	45
108	-2	394	39	3.10E+11	3.10E+10	513	1.3521	1.3319	1.3248	0.052	210	210	190	190	85	85	45	45	45	45	45	45	45	45	45	45	45	45	45	45	45	45
109	-2						1.3521	1.3319	1.3248	0.052	210	210	190	190	85	85	45	45	45	45	45	45	45	45	45	45	45	45	45	45	45	45
110	-2						1.3521	1.3319	1.3248	0.052	210	210	190	190	85	85	45	45	45	45	45	45	45	45	45	45	45	45	45	45	45	45
111	-2	394	39	3.10E+11	3.10E+10	513.62	1.3521	1.3319	1.3248	0.052	210	210	190	190	85	85	45	45	45	45	45	45	45	45	45	45	45	45	45	45	45	45
112	-2	396	39	3.00E+11	3.00E+10		1.3521	1.3319	1.3248	0.052	210	210	190	190	85	85	45	45	45	45	45	45	45	45	45	45	45	45	45	45	45	45
113	-2	391	39	3.00E+11	3.00E+10		1.3521	1.3319	1.3248	0.052	210	210	190	190	85	85	45	45	45	45	45	45	45	45	45	45	45	45	45	45	45	45
114	-2	401	40	3.10E+11	3.10E+10	511.65	1.3521	1.3319	1.3248	0.052	210	210	190	190	85	85	45	45	45	45	45	45	45	45	45	45	45	45	45	45	45	45
115	-2	390	39	3.10E+11	3.10E+10	517.94	1.3521	1.3319	1.3248	0.052	210	210	190	190	85	85	45	45	45	45	45	45	45	45	45	45	45	45	45	45	45	45
116	-2	390	39	3.10E+11	3.10E+10		1.3521	1.3319	1.3248	0.052	210	210	190	190	85	85	45	45	45	45	45	45	45	45	45	45	45	45	45	45	45	45
117	-2	393	39	3.10E+11	3.10E+10		1.3521	1.3319	1.3248	0.052	210	210	190	190	85	85	45	45	45	45	45	45	45	45	45	45	45	45	45	45	45	45
118	-2	390	39	3.10E+11	3.10E+10		1.3521	1.3319	1.3248	0.052	210	210	190	190	85	85	45	45	45	45	45	45	45	45	45	45	45	45	45	45	45	45
119	-2	390	38	3.10E+11	3.10E+10		1.3521	1.3319	1.3248	0.052	210	210	190	190	85	85	45	45	45	45	45	45	45	45	45	45	45	45	45	45	45	45
120	-2	390	38	3.10E+11	3.10E+10																											
121	-2	390	38	3.10E+11	3.10E+10	510.25	1.3521	1.3319	1.3248	0.052	210	210	190	190	85	85	45	45	45	45	45	45	45	45	45	45	45	45	45	45	45	45
122	-2	390	38	3.10E+11	3.10E+10		1.3521	1.3319	1.3248	0.052	210	210	190	190	85	85	45	45	45	45	45	45	45	45	45	45	45	45	45	45	45	45
123	-2	390	38	3.10E+11	3.10E+10		1.3521	1.3319	1.3248	0.052	210	210	190	190	85	85	45	45	45	45	45	45	45	45	45	45	45	45	45	45	45	45
124	-2	390	38	3.10E+11	3.10E+10	498	1.304	1.2771	1.2681	0.066	210	210	84	80	85	85	45	45	45	45	45	45	45	45	45	45	45	45	45	45	45	45
125	-2	390	39	3.10E+11	3.10E+10		1.304	1.2771	1.2681	0.066	210	210	190	190	85	85	45	45	45	45	45	45	45	45	45	45	45	45	45	45	45	45
126	-2	386	38	3.00E+11	3.00E+10		1.3562	1.3318	1.3238	0.058	210	210	190	190	85	85	45	45	45	45	45	45	45	45	45	45	45	45	45	45	45	45
127	-2	385	38	3.00E+11	3.00E+10		1.4104	1.3884	1.3812	0.051	210	210	190	190	85	85	45	45	45	45	45	45	45	45	45	45	45	45	45	45	45	45
128	-2	388	38	3.00E+11	3.00E+10	510.1	1.4104	1.3884	1.3812	0.051	210	210	190	190	85	85	45	45	45	45	45	45	45	45	45	45	45	45	45	45	45	45
129	-2	388	38	3.00E+11	3.00E+10		1.4104	1.3884	1.3812	0.051	210	210	6>10	2>6	85	85	45	45	45	45	45	45	45	45	45	45	45	45	45	45	45	45
130	-2	378	38	3.00E+11	3.00E+10	492.3	1.4104	1.3884	1.3812	0.051	210	210	190	190	85	85	45	45	45	45	45	45	45	45	45	45	45	45	45	45	45	45
131	-2	388	38	3.00E+11	3.00E+10		1.4104	1.3884	1.3812	0.051	210	210	190	190	85	85	45	45	45	45	45	45	45	45	45	45	45	45	45	45	45	45
132	-2	386	38	3.00E+11	3.00E+10		1.4104	1.3884	1.3812	0.051	210	210	190	190	85	85	45	45	45	45	45	45	45	45	45	45	45	45	45	45	45	45
133	-2	389	39	3.00E+11	3.00E+10	521.88	1.4104	1.3884	1.3812	0.051	210	210	190	190	85	85	45	45	45	45	45	45	45	45	45	45	45	45	45	45	45	45
134	-2	396	39	3.10E+11	3.10E+10		1.4104	1.3884	1.3812	0.051	210	210	190	190	85	85	45	45	45	45	45	45	45	45	45	45	45	45	45	45	45	45
135	-2	383	38	3.00E+11	3.00E+10		1.4104	1.3884	1.3812	0.051	210	210	190	190	85	85	45	45	45	45	45	45	45	45	45	45	45	45	45	45	45	45
136	-2	382.6	39.03	3.10E+11	3.00E+10	519.2	1.4104	1.3884	1.3812	0.051	210	210	190	190	85	85	45	45	45	45	45	45	45	45	45	45	45	45	45	45	45	45
137	-2	398.6	38.75	3.10E+11	3.10E+10		1.4104	1.3884	1.3812	0.051	210	210	190	190	85	85	45	45	45	45	45	45	45	45	45	45	45	45	45	45	45	45
138	-2	-																														
139	-2	-																														
140	-2	-																														
141	-2	-	-	-	-		1.4104	1.3884	1.3812	0.051	210	210	190	190	85	85	45	45	45	45	45	45	45	45	45	45	45	45	45	45	45	45
142	-2	-	-	-	-																											
143	-2	380.41	38	3.10E+11	3.10E+10		1.4104	1.3884	1.3812	0.051	210	210	190	190	85	85	45	45	45	45	45	45	45	45	45	45	45	45	45	45	45	45
144	-2	392	39	3.00E+11	3.10E+10		1.4104	1.3884	1.3812	0.051	210	210	190	190	85	85	45	45	45	45	45	45	45	45	45	45	45	45	45	45	45	45
145	-2	373	37	2.90E+11	2.90E+10		1.4104	1.3884	1.3812	0.051	210	210	190	190	85	85	45	45	45	45	45	45	45	45	45	45	45	45	45	45	45	45
146	-2	-	-	-	-																											
147	-2	381	38	3.00E+11	3.00E+10		1.4104	1.3884	1.3812	0.051	210	210	190	190	85	85	45	45	45	45	45	45	45	45	45	45	45	45	45	45	45	45
148	-2	388	38	3.00E+11	3.00E+10	507.69	1.4104	1.3884	1.3812	0.051	210	210	190	190	85	85	45	45	45	45	45	45	45	45	45	45	45	45	45	45	45	45
149	-2	395	39	3.00E+11	3.00E+10		1.4104	1.3884	1.3812	0.051	210	210	190	190	85	85	45	45	45	45	45	45	45	45	45	45	45	45	45	45	45	45
150	-2	379	38	3.00E+11	3.00E+10		1.4104	1.3884	1.3812	0.051	210	210	190	190	85	85	45	45	45	45	45	45	45	45	45	45	45	45	45	45	45	45
151	-2	-	-	-	-	-	-	-	-	-	-	-	-																			
152	-2	374	37	2.90E+11	2.90E+10		1.4104	1.3884	1.3812	0.051	210	210	190	190	85	85	45	45	45	45	45	45	45	45	45	45	45	45	45	45	45	45
153	-2	374	37	2.90E+11	2.90E+10	485.22	1.4104	1.3884	1.3812	0.051	210	210	190	190	85	85	45	45	45	45	45	45	45	45	45	45	45	45	45	45	45	45
154	-2	374	37	2.90E+11	2.81E+10		1.4104	1.3884	1.3812	0.051	210	210	190	190	85	85	45	45	45	45	45	45	45	45	45	45	45	45	45	45	45	45
155	-2	-	-	-	-	-	-	-	-	-	-	-	-	-	-	-	-	-	-	-	-	-	-	-	-	-	-	-	-	-	-	-
156	-2	360	36	2.90E+11	2.90E+10	451.5	1.4104	1.3884	1.3812	0.051	210	210	190	190	85	85	45	45	45	45	45	45	45	45	45	45	45	45	45	45	45	45
157	-2	360	36	2.90E+11	2.90E+10	496.1	1.4104	1.3884	1.3812	0.051	210	210	190	190	85	85	45	45	45	45	45	45	45	45	45	45	45	45	45	45	45	45
158	-2	-	-	-	-	-	-	-	-	-	-	-	-	-	-	-	-	-	-	-	-	-	-	-	-	-	-	-	-	-	-	-
159	-2	378	37	2.90E+11	2.90E+10		1.4104	1.3884	1.3812	0.051	210	210	190	190	85	85	45	45	45	45	45	45	45	45	45	45	45	45	45	45	45	45
160	-2	375	37	2.80E+11	2.80E+10		1.4104	1.3884	1.3812	0.051	210	210	190	190	85	85	45	45	45	45	45	45	45	45	45	45	45	45	45	45	45	45
161	-2	365	36.5	2.80E+11	2.80E+10		1.4104	1.3884	1.3812	0.051	210	210	190	190	85	85	45	45	45	45	45	45	45	45	45	45	45	45	45	45	45	45
162	-2	378	37	2.90E+11	2.90E+10		1.3258	1.3074	1.3009	0.049	210	210	190	190	85	85	45	45	45	45	45	45	45	45	45	45	45	45	45	45	45	45
163	-2	360	36	2.80E+11	2.80E+10		1.3258	1.3074	1.3009	0.049	210	210	190	190	85	85	45	45	45	45	45	45	45	45	45	45	45	45	45	45	45	45
164	-2	360	36	2.80E+11	2.80E+10		1.3258	1.3074	1.3009	0.049	210	210	190	190	85	85	45	45	45	45	45	45	45	45	45	45	45	45	45	45	45	45
165	-2	놓쳤다...					1.3258	1.3074	1.3009	0.049	210	210	190	190	85	85	45	45	45	45	45	45	45	45	45	45	45	45	45	45	45	45
166	-2	360	36	2.80E+11	2.80E+10		1.3258	1.3074	1.3009	0.049	210	210	190	190	85	85	45	45	45	45	45	45	45	45	45	45	45	45	45	45	45	45
167	-2	360	36	2.80E+11	2.80E+10		1.3258	1.3074	1.3009	0.049	210	210	190	190	85	85	45	45	45	45	45	45	45	45	45	45	45	45	45	45	45	45
168	-2	360	36	2.80E+11	2.80E+10		1.3258	1.3074	1.3009	0.049	210	210	190	190	85	85	45	45	45	45	45	45	45	45	45	45	45	45	45	45	45	45
169	-2	360	36	2.80E+11	2.80E+10		1.4285	1.4043	1.3964	0.055	210	210	190	190	85	85	45	45	45	45	45	45	45	45	45	45	45	45	45	45	45	45
170	-2	350	35	2.80E+11	2.80E+10		1.4285	1.4043	1.3964	0.055	210	210	190	190	85	85	45	45	45	45	45	45	45	45	45	45	45	45	45	45	45	45
171	-2	350	35	2.80E+11	2.80E+10		1.4285	1.4043	1.3964	0.055	210	210	190	190	85	85	45	45	45	45	45	45	45	45	45	45	45	45	45	45	45	45
172	-2	350	35	2.70E+11	2.70E+10		1.4285	1.4043	1.3964	0.055	210	210	190	190	85	85	45	45	45	45	45	45	45	45	45	45	45	45	45	45	45	45
173	-2	350	35	2.80E+11	2.80E+10	461	1.4856	1.4638	1.4567	0.048	210	210	190	190	85	85	45	45	45	45	45	45	45	45	45	45	45	45	45	45	45	45
174	-2	350	35	2.80E+11	2.80E+10		1.4856	1.4638	1.4567	0.048	210	210	190	190	85	85	45	45	45	45	45	45	45	45	45	45	45	45	45	45	45	45
175	-2	350	35	2.80E+11	2.80E+10	463	1.3735	1.3468	1.338	0.062	210	210	190	190	85	85	45	45	45	45	45	45	45	45	45	45	45	45	45	45	45	45
176	-2	340	34	2.70E+11	2.70E+10		1.3735	1.3468	1.338	0.062	210	210	190	190	85	85	45	45	45	45	45	45	45	45	45	45	45	45	45	45	45	45
177	-2	350	35	2.80E+11	2.80E+10	458	1.401	1.3756	1.3672	0.059	210	210	190	190	85	85	45	45	45	45	45	45	45	45	45	45	45	45	45	45	45	45
178	-2	350	35	2.80E+11	2.80E+10	473	1.456	1.433	1.4254	0.052	210	210	190	190	85	85	45	45	45	45	45	45	45	45	45	45	45	45	45	45	45	45
179	-2	340	34	2.70E+11	2.70E+10		1.456	1.433	1.4254	0.052	210	210	190	190	85	85	45	45	45	45	45	45	45	45	45	45	45	45	45	45	45	45
180	-2	350	35	2.80E+11	2.80E+10	459	1.4285	1.4043	1.3964	0.055	210	210	190	190	85	85	45	45	45	45	45	45	45	45	45	45	45	45	45	45	45	45
181	-2	423	42	3.00E+11	3.00E+10	570	1.4285	1.4043	1.3964	0.055	210	210	190	190	85	85	45	45	45	45	45	45	45	45	45	45	45	45	45	45	45	45
182	-2	422	42	3.20E+11	3.20E+10		1.4285	1.4043	1.3964	0.055	210	210	190	190	85	85	45	45	45	45	45	45	45	45	45	45	45	45	45	45	45	45
183	-2	407	40	3.20E+11	3.20E+10		1.4285	1.4043	1.3964	0.055	210	210	190	190	85	85	45	45	45	45	45	45	45	45	45	45	45	45	45	45	45	45
184	-2	401	40	3.20E+11	3.20E+10		1.4285	1.4043	1.3964	0.055	210	210	190	190	85	85	45	45	45	45	45	45	45	45	45	45	45	45	45	45	45	45
185	-2	400	40	3.10E+11	3.10E+10	527.1	1.4285	1.4043	1.3964	0.055	210	210	190	190	85	85	45	45	45	45	45	45	45	45	45	45	45	45	45	45	45	45
186	-2	400	40	3.20E+11	3.20E+10		1.4285	1.4043	1.3964	0.055	210	210	190	190	85	85	45	45	45	45	45	45	45	45	45	45	45	45	45	45	45	45
187	-2	403	40	3.10E+11	3.10E+10		1.4285	1.4043	1.3964	0.055	210	210	190	190	85	85	45	45	45	45	45	45	45	45	45	45	45	45	45	45	45	45
188	-2	390	39	3.00E+11	3.00E+10	504.64	1.4285	1.4043	1.3964	0.055	210	210	190	190	85	85	45	45	45	45	45	45	45	45	45	45	45	45	45	45	45	45
189	-2	379	37	3.00E+11	3.00E+10		1.4285	1.4043	1.3964	0.055	210	210	190	190	85	85	45	45	45	45	45	45	45	45	45	45	45	45	45	45	45	45
190	-2	377	37	3.00E+11	3.00E+10		1.4285	1.4043	1.3964	0.055	210	210	190	190	85	85	45	45	45	45	45	45	45	45	45	45	45	45	45	45	45	45
191	-2	371	37	3.00E+11	3.00E+10	491.3	1.4285	1.4043	1.3964	0.055	210	210	190	190	85	85	45	45	45	45	45	45	45	45	45	45	45	45	45	45	45	45
192	-2						1.4285	1.4043	1.3964	0.055	210	210	190	190	85	85	45	45	45	45	45	45	45	45	45	45	45	45	45	45	45	45
193																																
194																																
195																																
196																																
197																																
198																																
199																																
200																																
201																																
202																																
203																																
204																																
205																																
206																																